# This file may be used to create an environment using:
# $ conda create --name <env> --file <this file>
# platform: linux-64
_tflow_180_select=3.0=eigen
absl-py=0.2.2=py27_0
astor=0.6.2=py27_0
backports=1.0=py27h63c9359_1
backports.weakref=1.0.post1=py27h0df1112_0
blas=1.0=mkl
bleach=1.5.0=py27_0
bzip2=1.0.6=h14c3975_5
ca-certificates=2018.03.07=0
cairo=1.14.12=h7636065_2
certifi=2018.4.16=py27_0
enum34=1.1.6=py27h99a27e9_1
ffmpeg=4.0=h04d0a96_0
fontconfig=2.12.6=h49f89f6_0
freetype=2.8=hab7d2ae_1
funcsigs=1.0.2=py27h83f16ab_0
futures=3.2.0=py27h7b459c0_0
gast=0.2.0=py27_0
glib=2.56.1=h000015b_0
graphite2=1.3.11=h16798f4_2
grpcio=1.12.1=py27hdbcaa40_0
h5py=2.8.0=py27ha1f6525_0
harfbuzz=1.7.6=h5f0a787_1
hdf5=1.10.2=hba1933b_1
html5lib=0.9999999=py27_0
icu=58.2=h9c2bf20_1
intel-openmp=2018.0.3=0
jasper=1.900.1=hd497a04_4
jpeg=9b=h024ee3a_2
keras=2.2.0=0
keras-applications=1.0.2=py27_0
keras-base=2.2.0=py27_0
keras-preprocessing=1.0.1=py27_0
libedit=3.1.20170329=h6b74fdf_2
libffi=3.2.1=hd88cf55_4
libgcc-ng=7.2.0=hdf63c60_3
libgfortran-ng=7.2.0=hdf63c60_3
libopencv=3.4.1=h1a3b859_1
libopus=1.2.1=hb9ed12e_0
libpng=1.6.34=hb9fc6fc_0
libprotobuf=3.5.2=h6f1eeef_0
libstdcxx-ng=7.2.0=hdf63c60_3
libtiff=4.0.9=he85c1e1_1
libvpx=1.7.0=h439df22_0
libxcb=1.13=h1bed415_1
libxml2=2.9.8=h26e45fe_1
linecache2=1.0.0=py27hc477507_0
markdown=2.6.11=py27_0
mkl=2018.0.3=1
mkl_fft=1.0.1=py27h3010b51_0
mkl_random=1.0.1=py27h629b387_0
mock=2.0.0=py27h0c0c831_0
ncurses=6.1=hf484d3e_0
numpy=1.14.5=py27hcd700cb_0
numpy-base=1.14.5=py27hdbf6ddf_0
opencv=2.4.11=nppy27_0
openssl=1.0.2o=h20670df_0
pbr=4.0.4=py27_0
pcre=8.42=h439df22_0
pip=10.0.1=py27_0
pixman=0.34.0=hceecf20_3
protobuf=3.5.2=py27hf484d3e_0
py-opencv=3.4.1=py27h0676e08_1
python=2.7.15=h1571d57_0
pyyaml=3.12=py27h2d70dd7_1
readline=7.0=ha6073c6_4
scipy=1.1.0=py27hfc37229_0
setuptools=39.2.0=py27_0
six=1.11.0=py27h5f960f1_1
sqlite=3.24.0=h84994c4_0
tensorboard=1.8.0=py27hf484d3e_0
tensorflow=1.8.0=h7b2774c_0
tensorflow-base=1.8.0=py27h5f64886_0
termcolor=1.1.0=py27_1
tk=8.6.7=hc745277_3
traceback2=1.4.0=py27h153c7c5_0
unittest2=1.1.0=py27h1e968a4_0
werkzeug=0.14.1=py27_0
wheel=0.31.1=py27_0
xz=5.2.4=h14c3975_4
yaml=0.1.7=had09818_2
zlib=1.2.11=ha838bed_2
